

%This observer is DBUG
%It is a test profile for debugging and practice
IPD=.061;
parameter_setting==1;

            deghorizoffset = [-1.21      -1.189     -1.1827      -1.172       -1.12      -1.057    -0.97875    -0.90375];
            degvertoffset = [1.58      1.6803      1.8113      1.9225        0.46      0.6045     0.78125     0.91825];
            vertFOVoffset = [0.92     0.55195      0.3855     0.15393        0.32     0.37049    0.047175     -0.1869];
            horizFOVoffset = [1.12     0.77226     0.53937     0.21537         0.9     0.51837    0.066005    -0.26149];

% 
% 
% 
% %calibration: exp_iodrects was performed on: 21-Aug-2009 20:47:27.mat
% 
% 		deghorizoffset = [0.95       0.914     0.86375     0.83375       -0.38    -0.28625      -0.167    -0.05075];
% 		degvertoffset = [-0.1     -0.1145    -0.11925      -0.139       -0.12      -0.165    -0.17175       -0.19];
% 		vertFOVoffset = [0.94     0.17242   -0.059762    -0.33868        0.46    -0.11025    -0.25417    -0.43661];
% 		horizFOVoffset = [0.74     0.24124   -0.083615    -0.47387        0.26    -0.15425    -0.35563    -0.61088];
% 		vertFOV = [23.3];
% 		horizFOV = [32.6];
% 
% 
% %calibration: exp_iodrects was performed on: 21-Aug-2009 20:48:05.mat
% 
% 		deghorizoffset = [0.95       0.914     0.86375     0.83375       -0.38    -0.28625      -0.167    -0.05075];
% 		degvertoffset = [-0.1     -0.1145    -0.11925      -0.139       -0.12      -0.165    -0.17175       -0.19];
% 		vertFOVoffset = [0.94     0.17242   -0.059762    -0.33868        0.46    -0.11025    -0.25417    -0.43661];
% 		horizFOVoffset = [0.74     0.24124   -0.083615    -0.47387        0.26    -0.15425    -0.35563    -0.61088];
% 		vertFOV = [23.3];
% 		horizFOV = [32.6];
