

%This observer is default

IPD=.062;


%calibration: exp_4R was performed on: 27-Oct-2009 16:31:34.mat

		deghorizoffset = [-0.73      1.3922      1.3312      1.2762       -0.62     -3.2675     -3.3388     -3.3623];
		degvertoffset = [-0.1      1.8368      1.7086      1.6638       -0.48      1.3955       1.344      1.3403];
		vertFOVoffset = [0.92      1.2197     0.44956      0.2346        0.32      1.6844      1.1287     0.85372];
		horizFOVoffset = [1.12     0.82313     0.62899     0.32824         0.9      1.8699      1.5792      1.1945];
		vertFOV = [23.3];
		horizFOV = [32.6];
		horizFOVoffseterror = [0           0    0.052068    0.019301           0           0     0.05101     0.34932];
		deghorizoffseterror = [0           0   0.0089443   0.0089443           0           0    0.025495    0.013416];
		degvertoffseterror = [0           0   0.0083666   0.0083666           0           0    0.011402   0.0054772];


%calibration: exp_iodrects_Far_mid_plane was performed on: 02-Nov-2009 18:36:16.mat

		deghorizoffset = [-0.73      1.3922      1.3312      1.2762       -0.62     -3.2675     -3.3388     -3.3623];
		degvertoffset = [-0.1      1.8368      1.7086      1.6638       -0.48      1.3955       1.344      1.3403];
		vertFOVoffset = [0.92      1.2197     0.44956      0.2346        0.32      1.6844      1.1287     0.85372];
		horizFOVoffset = [1.12     0.82313     0.62899     0.32824         0.9      1.8699      1.5792      1.1945];
		vertFOV = [23.3];
		horizFOV = [32.6];


%calibration: exp_iodrects_far_mid_plane was performed on: 28-Nov-2011 15:49:53.mat

		deghorizoffset = [-0.73      1.3922      1.3312      1.2762       -0.62     -3.2675     -3.3388     -3.3623];
		degvertoffset = [-0.1      1.8368      1.7086      1.6638       -0.48      1.3955       1.344      1.3403];
		vertFOVoffset = [0.92      1.2197     0.44956      0.2346        0.32      1.6844      1.1287     0.85372];
		horizFOVoffset = [1.12     0.82313     0.62899     0.32824         0.9      1.8699      1.5792      1.1945];
		vertFOV = [23.3];
		horizFOV = [32.6];
