

%This observer is default
IPD=.062;

%calibration: exp_4R was performed on: 26-Oct-2009 16:15:45.mat

		deghorizoffset = [-0.73      1.3722       1.289      1.2245       -0.62     -3.1675     -3.1368      -3.051];
		degvertoffset = [-0.1      1.1568      1.1456      1.0721       -0.48      1.0555      1.0708      1.0403];
		vertFOVoffset = [0.92     -1.1203    -0.88365      -1.048        0.32     -0.1156      0.2555     0.17697];
		horizFOVoffset = [1.12     -1.2169     -1.2363     -1.4663         0.9      0.7499     0.35748      0.2476];
		vertFOV = [23.3];
		horizFOV = [32.6];
		horizFOVoffseterror = [0           0    0.095237    0.032531           0           0      0.1166      1.3818];
		deghorizoffseterror = [0           0    0.025884    0.015166           0           0    0.031145    0.032094];
		degvertoffseterror = [0           0     0.04062     0.02881           0           0   0.0054772    0.011402];


%calibration: exp_2 was performed on: 13-Nov-2009 16:27:57.mat

		deghorizoffset = [-0.73      1.1522       1.289      1.2245       -0.62     -3.1675     -3.1368      -3.051];
		degvertoffset = [-0.1      1.1568      1.1456      1.0721       -0.48      1.0955      1.0708      1.0403];
		vertFOVoffset = [0.92     -2.5203    -0.88365      -1.048        0.32     -1.9556      0.2555     0.17697];
		horizFOVoffset = [1.12     -3.4569     -1.2363     -1.4663         0.9     -2.1901     0.35748      0.2476];
		vertFOV = [23.3];
		horizFOV = [32.6];


%calibration: exp_iodrects_Far_mid_plane was performed on: 13-Nov-2009 16:46:57.mat

		deghorizoffset = [-0.73      1.1722       1.289      1.2245       -0.62     -3.0675     -3.1368      -3.051];
		degvertoffset = [-0.1      0.9368      1.1456      1.0721       -0.48      0.4755      1.0708      1.0403];
		vertFOVoffset = [0.92     -2.5203    -0.88365      -1.048        0.32     -1.9556      0.2555     0.17697];
		horizFOVoffset = [1.12     -3.4569     -1.2363     -1.4663         0.9     -2.1901     0.35748      0.2476];
		vertFOV = [23.3];
		horizFOV = [32.6];


%calibration: exp_3L was performed on: 13-Nov-2009 17:34:19.mat

		deghorizoffset = [-0.73      1.1722      1.1825      1.2245       -0.62     -3.0675     -3.1368      -3.051];
		degvertoffset = [-0.1      0.9368     0.94705      1.0721       -0.48      0.4755      1.0708      1.0403];
		vertFOVoffset = [0.92     -2.5203     -2.5758      -1.048        0.32     -1.9556      0.2555     0.17697];
		horizFOVoffset = [1.12     -3.4569     -3.6038     -1.4663         0.9     -2.1901     0.35748      0.2476];
		vertFOV = [23.3];
		horizFOV = [32.6];
		horizFOVoffseterror = [0           0    0.022545    0.032531           0           0      0.1166      1.3818];
		deghorizoffseterror = [0           0    0.013416    0.015166           0           0    0.031145    0.032094];
		degvertoffseterror = [0           0    0.013416     0.02881           0           0   0.0054772    0.011402];


%calibration: exp_4L was performed on: 13-Nov-2009 17:36:48.mat

		deghorizoffset = [-0.73      1.1722      1.1825      1.1917       -0.62     -3.0675     -3.1368      -3.051];
		degvertoffset = [-0.1      0.9368     0.94705      0.9383       -0.48      0.4755      1.0708      1.0403];
		vertFOVoffset = [0.92     -2.5203     -2.5758     -2.7413        0.32     -1.9556      0.2555     0.17697];
		horizFOVoffset = [1.12     -3.4569     -3.6038     -3.8355         0.9     -2.1901     0.35748      0.2476];
		vertFOV = [23.3];
		horizFOV = [32.6];
		horizFOVoffseterror = [0           0    0.022545     0.10054           0           0      0.1166      1.3818];
		deghorizoffseterror = [0           0    0.013416    0.013038           0           0    0.031145    0.032094];
		degvertoffseterror = [0           0    0.013416    0.015166           0           0   0.0054772    0.011402];


%calibration: exp_3R was performed on: 13-Nov-2009 17:38:54.mat

		deghorizoffset = [-0.73      1.1722      1.1825      1.1917       -0.62     -3.0675     -3.0147      -3.051];
		degvertoffset = [-0.1      0.9368     0.94705      0.9383       -0.48      0.4755     0.55775      1.0403];
		vertFOVoffset = [0.92     -2.5203     -2.5758     -2.7413        0.32     -1.9556     -1.7012     0.17697];
		horizFOVoffset = [1.12     -3.4569     -3.6038     -3.8355         0.9     -2.1901     -2.3801      0.2476];
		vertFOV = [23.3];
		horizFOV = [32.6];
		horizFOVoffseterror = [0           0    0.022545     0.10054           0           0    0.067154      1.3818];
		deghorizoffseterror = [0           0    0.013416    0.013038           0           0    0.020736    0.032094];
		degvertoffseterror = [0           0    0.013416    0.015166           0           0    0.021909    0.011402];


%calibration: exp_4R was performed on: 13-Nov-2009 17:41:13.mat

		deghorizoffset = [-0.73      1.1722      1.1825      1.1917       -0.62     -3.0675     -3.0147     -2.9942];
		degvertoffset = [-0.1      0.9368     0.94705      0.9383       -0.48      0.4755     0.55775     0.52825];
		vertFOVoffset = [0.92     -2.5203     -2.5758     -2.7413        0.32     -1.9556     -1.7012     -3.4127];
		horizFOVoffset = [1.12     -3.4569     -3.6038     -3.8355         0.9     -2.1901     -2.3801     -4.7749];
		vertFOV = [23.3];
		horizFOV = [32.6];
		horizFOVoffseterror = [0           0    0.022545     0.10054           0           0    0.067154     0.71589];
		deghorizoffseterror = [0           0    0.013416    0.013038           0           0    0.020736     0.32823];
		degvertoffseterror = [0           0    0.013416    0.015166           0           0    0.021909    0.011402];

%calibration: exp_4R was performed on: 16-Nov-2009 14:07:09.mat

		deghorizoffset = [-0.73      1.1722      1.3017      1.4169       -0.62     -3.0675     -2.9413     -2.8502];
		degvertoffset = [-0.1      0.9368      0.9143     0.90005       -0.48      0.4755     0.41225       0.329];
		vertFOVoffset = [0.92     -2.5203     -2.5332     -2.6533        0.32     -1.9556     -1.7347     -2.4979];
		horizFOVoffset = [1.12     -3.4569     -3.5444     -3.7123         0.9     -2.1901      -2.427     -3.4949];
		vertFOV = [23.3];
		horizFOV = [32.6];
		horizFOVoffseterror = [0           0    0.052522    0.074575           0           0    0.028321      1.6686];
		deghorizoffseterror = [0           0    0.023875    0.011402           0           0    0.025495    0.011402];
		degvertoffseterror = [0           0    0.015811    0.039623           0           0   0.0083666    0.024083];


%calibration: exp_iodrects_Far_mid_plane was performed on: 23-Feb-2012 13:47:02.mat

		deghorizoffset = [-0.73      1.1722     -1.5383      1.4169       -0.62     -3.0675     -2.9413     -2.8502];
		degvertoffset = [-0.1      0.9368      0.9143     0.90005       -0.48      0.4755     0.41225       0.329];
		vertFOVoffset = [0.92     -2.5203     -2.5332     -2.6533        0.32     -1.9556     -1.7347     -2.4979];
		horizFOVoffset = [1.12     -3.4569     -3.5444     -3.7123         0.9     -2.1901      -2.427     -3.4949];
		vertFOV = [23.3];
		horizFOV = [32.6];


%calibration: exp_iodrects_Far_mid_plane was performed on: 23-Feb-2012 14:04:29.mat

		deghorizoffset = [-0.73      3.4322     -1.5183      1.4369       -0.62     -7.8875     -3.0013     -2.8502];
		degvertoffset = [-0.1      0.9368      0.9143     0.90005       -0.48      0.7555     0.41225       0.329];
		vertFOVoffset = [0.92     -2.5203     -2.5332     -2.6533        0.32     -1.9556     -1.7347     -2.4979];
		horizFOVoffset = [1.12     -3.4569     -3.5444     -3.7123         0.9     -2.1901      -2.427     -3.4949];
		vertFOV = [23.3];
		horizFOV = [32.6];


%calibration: exp_iodrects_Far_mid_plane was performed on: 23-Feb-2012 15:48:21.mat

		deghorizoffset = [-0.73      5.4722     -2.1783      1.4369       -0.62     -5.8875     -3.0013     -2.8502];
		degvertoffset = [-0.1      0.9368      0.9143     0.90005       -0.48      0.4155     0.41225       0.329];
