

%This observer is default

IPD=.062;


%calibration: exp_4R was performed on: 27-Oct-2009 16:31:34.mat

		deghorizoffset = [-0.73      1.3922      1.3312      1.2762       -0.62     -3.2675     -3.3388     -3.3623];
		degvertoffset = [-0.1      1.8368      1.7086      1.6638       -0.48      1.3955       1.344      1.3403];
		vertFOVoffset = [0.92      1.2197     0.44956      0.2346        0.32      1.6844      1.1287     0.85372];
		horizFOVoffset = [1.12     0.82313     0.62899     0.32824         0.9      1.8699      1.5792      1.1945];
		vertFOV = [23.3];
		horizFOV = [32.6];
		horizFOVoffseterror = [0           0    0.052068    0.019301           0           0     0.05101     0.34932];
		deghorizoffseterror = [0           0   0.0089443   0.0089443           0           0    0.025495    0.013416];
		degvertoffseterror = [0           0   0.0083666   0.0083666           0           0    0.011402   0.0054772];


%calibration: exp_iodrects_Far_mid_plane was performed on: 02-Nov-2009 18:36:16.mat

		deghorizoffset = [-0.73      1.3922      1.3312      1.2762       -0.62     -3.2675     -3.3388     -3.3623];
		degvertoffset = [-0.1      1.8368      1.7086      1.6638       -0.48      1.3955       1.344      1.3403];
		vertFOVoffset = [0.92      1.2197     0.44956      0.2346        0.32      1.6844      1.1287     0.85372];
		horizFOVoffset = [1.12     0.82313     0.62899     0.32824         0.9      1.8699      1.5792      1.1945];
		vertFOV = [23.3];
		horizFOV = [32.6];


%calibration: exp_2 was performed on: 13-Nov-2009 16:13:10.mat

		deghorizoffset = [-0.73      0.7922      1.3312      1.2762       -0.62     -4.1475     -3.3388     -3.3623];
		degvertoffset = [-0.1      1.6968      1.7086      1.6638       -0.48      1.3955       1.344      1.3403];
		vertFOVoffset = [0.92     -2.0203     0.44956      0.2346        0.32     -1.5756      1.1287     0.85372];
		horizFOVoffset = [1.12     -2.9569     0.62899     0.32824         0.9     -3.6701      1.5792      1.1945];
		vertFOV = [23.3];
		horizFOV = [32.6];


%calibration: exp_2 was performed on: 13-Nov-2009 16:15:04.mat

		deghorizoffset = [-0.73      0.7922      1.3312      1.2762       -0.62     -4.1475     -3.3388     -3.3623];
		degvertoffset = [-0.1      1.6968      1.7086      1.6638       -0.48      1.3955       1.344      1.3403];
		vertFOVoffset = [0.92     -2.0203     0.44956      0.2346        0.32     -1.5756      1.1287     0.85372];
		horizFOVoffset = [1.12     -2.9569     0.62899     0.32824         0.9     -2.2101      1.5792      1.1945];
		vertFOV = [23.3];
		horizFOV = [32.6];


%calibration: exp_iodrects_Far_mid_plane was performed on: 13-Nov-2009 16:49:59.mat

		deghorizoffset = [-0.73      1.0722      1.3312      1.2762       -0.62     -3.0675     -3.3388     -3.3623];
		degvertoffset = [-0.1      0.9168      1.7086      1.6638       -0.48      0.3955       1.344      1.3403];
		vertFOVoffset = [0.92     -2.0203     0.44956      0.2346        0.32     -1.5756      1.1287     0.85372];
		horizFOVoffset = [1.12     -2.9569     0.62899     0.32824         0.9     -2.2101      1.5792      1.1945];
		vertFOV = [23.3];
		horizFOV = [32.6];


%calibration: exp_3L was performed on: 13-Nov-2009 17:23:57.mat

		deghorizoffset = [-0.73      1.0722      1.0859      1.2762       -0.62     -3.0675     -3.3388     -3.3623];
		degvertoffset = [-0.1      0.9168     0.89005      1.6638       -0.48      0.3955       1.344      1.3403];
		vertFOVoffset = [0.92     -2.0203     -2.2449      0.2346        0.32     -1.5756      1.1287     0.85372];
		horizFOVoffset = [1.12     -2.9569      -3.141     0.32824         0.9     -2.2101      1.5792      1.1945];
		vertFOV = [23.3];
		horizFOV = [32.6];
		horizFOVoffseterror = [0           0    0.029117    0.019301           0           0     0.05101     0.34932];
		deghorizoffseterror = [0           0    0.012247   0.0089443           0           0    0.025495    0.013416];
		degvertoffseterror = [0           0   0.0083666   0.0083666           0           0    0.011402   0.0054772];


%calibration: exp_4L was performed on: 13-Nov-2009 17:25:56.mat

		deghorizoffset = [-0.73      1.0722      1.0859      1.0885       -0.62     -3.0675     -3.3388     -3.3623];
		degvertoffset = [-0.1      0.9168     0.89005      0.8618       -0.48      0.3955       1.344      1.3403];
		vertFOVoffset = [0.92     -2.0203     -2.2449     -2.4495        0.32     -1.5756      1.1287     0.85372];
		horizFOVoffset = [1.12     -2.9569      -3.141     -3.4272         0.9     -2.2101      1.5792      1.1945];
		vertFOV = [23.3];
		horizFOV = [32.6];
		horizFOVoffseterror = [0           0    0.029117       0.027           0           0     0.05101     0.34932];
		deghorizoffseterror = [0           0    0.012247    0.015811           0           0    0.025495    0.013416];
		degvertoffseterror = [0           0   0.0083666        0.01           0           0    0.011402   0.0054772];


%calibration: exp_3R was performed on: 13-Nov-2009 17:28:56.mat

		deghorizoffset = [-0.73      1.0722      1.0859      1.0885       -0.62     -3.0675      -3.017     -3.3623];
		degvertoffset = [-0.1      0.9168     0.89005      0.8618       -0.48      0.3955     0.40575      1.3403];
		vertFOVoffset = [0.92     -2.0203     -2.2449     -2.4495        0.32     -1.5756     -2.2745     0.85372];
		horizFOVoffset = [1.12     -2.9569      -3.141     -3.4272         0.9     -2.2101     -3.1824      1.1945];
		vertFOV = [23.3];
		horizFOV = [32.6];
		horizFOVoffseterror = [0           0    0.029117       0.027           0           0      1.7724     0.34932];
		deghorizoffseterror = [0           0    0.012247    0.015811           0           0     0.11248    0.013416];
		degvertoffseterror = [0           0   0.0083666        0.01           0           0    0.020736   0.0054772];


%calibration: exp_4R was performed on: 13-Nov-2009 17:31:31.mat

		deghorizoffset = [-0.73      1.0722      1.0859      1.0885       -0.62     -3.0675      -3.017      -2.698];
		degvertoffset = [-0.1      0.9168     0.89005      0.8618       -0.48      0.3955     0.40575     0.39575];
		vertFOVoffset = [0.92     -2.0203     -2.2449     -2.4495        0.32     -1.5756     -2.2745     -3.6557];
		horizFOVoffset = [1.12     -2.9569      -3.141     -3.4272         0.9     -2.2101     -3.1824     -5.1149];
		vertFOV = [23.3];
		horizFOV = [32.6];
		horizFOVoffseterror = [0           0    0.029117       0.027           0           0      1.7724     0.42939];
		deghorizoffseterror = [0           0    0.012247    0.015811           0           0     0.11248    0.063649];
		degvertoffseterror = [0           0   0.0083666        0.01           0           0    0.020736   0.0054772];

%calibration: exp_4R was performed on: 17-Nov-2009 13:49:31.mat

		deghorizoffset = [-0.73      1.0722       1.129      1.1849       -0.62     -3.0675     -2.9643      -3.028];
		degvertoffset = [-0.1      0.9168     0.88805     0.85505       -0.48      0.3955       0.352     0.33025];
		vertFOVoffset = [0.92     -2.0203     -2.2233     -2.4124        0.32     -1.5756     -1.9931      -1.583];
		horizFOVoffset = [1.12     -2.9569     -3.1107     -3.3752         0.9     -2.2101     -2.7886     -2.2149];
		vertFOV = [23.3];
		horizFOV = [32.6];
		horizFOVoffseterror = [0           0    0.027241    0.034063           0           0     0.93531      1.4895];
		deghorizoffseterror = [0           0    0.013038    0.020736           0           0   0.0083666     0.10307];
		degvertoffseterror = [0           0    0.015811   0.0083666           0           0    0.018166    0.011402];


%calibration: exp_iodrects_Far_mid_plane was performed on: 28-Nov-2011 18:21:06.mat

		deghorizoffset = [-0.73      1.3122       1.129      1.1849       -0.62     -3.1475     -2.9643      -3.028];
		degvertoffset = [-0.1      1.4168     0.88805     0.85505       -0.48      0.9155       0.352     0.33025];
