

%This observer is JSK
IPD=.062;

%calibration: exp_4R was performed on: 25-Aug-2009 14:52:09.mat

		deghorizoffset = [-0.81      1.0722       1.058       1.055       -0.62     -3.4075      -3.436     -3.4225];
		degvertoffset = [-0.1      0.8168     0.77855     0.74655       -0.48      0.7755       0.783      0.7935];
		vertFOVoffset = [0.92      1.1797     0.50647      0.1257        0.32      1.6844      1.2233      1.0036];
		horizFOVoffset = [1.12     0.98313     0.70862     0.17587         0.9      1.8699      1.7116      1.4042];
		vertFOV = [23.3];
		horizFOV = [32.6];
		horizFOVoffseterror = [0           0    0.036375     0.12359           0           0    0.057909     0.20788];
		deghorizoffseterror = [0           0    0.016432   0.0089443           0           0   0.0089443    0.022361];
		degvertoffseterror = [0           0   0.0083666   0.0054772           0           0    0.012247   0.0083666];

%calibration: exp_4R was performed on: 09-Sep-2009 14:40:31.mat

		deghorizoffset = [-0.73      1.3922      1.5155      1.6545       -0.62     -3.2675      -3.206      -2.952];
		degvertoffset = [-0.1      0.8368      0.7468     0.68505       -0.48      0.8155     0.68525     0.54325];
		vertFOVoffset = [0.92      1.2197       0.435     0.24702        0.32      1.6844      1.2219    0.085838];
		horizFOVoffset = [1.12     0.82313     0.60862     0.34562         0.9      1.8699      1.7096      0.1201];
		vertFOV = [23.3];
		horizFOV = [32.6];
		horizFOVoffseterror = [0           0     0.02311    0.034955           0           0    0.023122      1.2042];
		deghorizoffseterror = [0           0    0.013038    0.013416           0           0    0.016733     0.16098];
		degvertoffseterror = [0           0        0.01    0.013038           0           0    0.016733    0.042778];



%calibration: exp_3L was performed on: 10-Sep-2009 12:25:32.mat

		deghorizoffset = [-0.73      1.3922      1.4029      1.6545       -0.62     -3.2675      -3.206      -2.952];
		degvertoffset = [-0.1      0.8368      0.7683     0.68505       -0.48      0.8155     0.68525     0.54325];
		vertFOVoffset = [0.92      1.2197     0.40069     0.24702        0.32      1.6844      1.2219    0.085838];
		horizFOVoffset = [1.12     0.82313     0.56062     0.34562         0.9      1.8699      1.7096      0.1201];
		vertFOV = [23.3];
		horizFOV = [32.6];
		horizFOVoffseterror = [0           0    0.044756    0.034955           0           0    0.023122      1.2042];
		deghorizoffseterror = [0           0    0.013038    0.013416           0           0    0.016733     0.16098];
		degvertoffseterror = [0           0    0.018166    0.013038           0           0    0.016733    0.042778];


%calibration: exp_4L was performed on: 10-Sep-2009 12:26:57.mat

		deghorizoffset = [-0.73      1.3922      1.4029      1.3969       -0.62     -3.2675      -3.206      -2.952];
		degvertoffset = [-0.1      0.8368      0.7683     0.73605       -0.48      0.8155     0.68525     0.54325];
		vertFOVoffset = [0.92      1.2197     0.40069    0.098182        0.32      1.6844      1.2219    0.085838];
		horizFOVoffset = [1.12     0.82313     0.56062     0.13737         0.9      1.8699      1.7096      0.1201];
		vertFOV = [23.3];
		horizFOV = [32.6];
		horizFOVoffseterror = [0           0    0.044756    0.036375           0           0    0.023122      1.2042];
		deghorizoffseterror = [0           0    0.013038   0.0089443           0           0    0.016733     0.16098];
		degvertoffseterror = [0           0    0.018166   0.0083666           0           0    0.016733    0.042778];


%calibration: exp_3R was performed on: 10-Sep-2009 12:28:33.mat

		deghorizoffset = [-0.73      1.3922      1.4029      1.3969       -0.62     -3.2675     -3.2883      -2.952];
		degvertoffset = [-0.1      0.8368      0.7683     0.73605       -0.48      0.8155       0.824     0.54325];
		vertFOVoffset = [0.92      1.2197     0.40069    0.098182        0.32      1.6844      1.0887    0.085838];
		horizFOVoffset = [1.12     0.82313     0.56062     0.13737         0.9      1.8699      1.5232      0.1201];
		vertFOV = [23.3];
		horizFOV = [32.6];
		horizFOVoffseterror = [0           0    0.044756    0.036375           0           0    0.053031      1.2042];
		deghorizoffseterror = [0           0    0.013038   0.0089443           0           0    0.013038     0.16098];
		degvertoffseterror = [0           0    0.018166   0.0083666           0           0    0.011402    0.042778];


%calibration: exp_4R was performed on: 10-Sep-2009 12:30:47.mat

		deghorizoffset = [-0.73      1.3922      1.4029      1.3969       -0.62     -3.2675     -3.2883     -3.2848];
		degvertoffset = [-0.1      0.8368      0.7683     0.73605       -0.48      0.8155       0.824     0.81575];
		vertFOVoffset = [0.92      1.2197     0.40069    0.098182        0.32      1.6844      1.0887     0.68174];
		horizFOVoffset = [1.12     0.82313     0.56062     0.13737         0.9      1.8699      1.5232     0.95385];
		vertFOV = [23.3];
		horizFOV = [32.6];
		horizFOVoffseterror = [0           0    0.044756    0.036375           0           0    0.053031     0.69019];
		deghorizoffseterror = [0           0    0.013038   0.0089443           0           0    0.013038    0.034351];
		degvertoffseterror = [0           0    0.018166   0.0083666           0           0    0.011402    0.016733];


%calibration: exp_iodrects_Far_mid_plane was performed on: 26-Oct-2009 14:28:18.mat

		deghorizoffset = [-0.73      1.3922      1.4029      1.3969       -0.62     -3.2675     -3.2883     -3.2848];
		degvertoffset = [-0.1      0.8368      0.7683     0.73605       -0.48      0.8155       0.824     0.81575];
		vertFOVoffset = [0.92      1.2197     0.40069    0.098182        0.32      1.6844      1.0887     0.68174];
		horizFOVoffset = [1.12     0.82313     0.56062     0.13737         0.9      1.8699      1.5232     0.95385];
		vertFOV = [23.3];
		horizFOV = [32.6];


%calibration: exp_iodrects_Far_mid_plane was performed on: 26-Oct-2009 14:33:51.mat

		deghorizoffset = [-0.73      1.3922      1.4029      1.3969       -0.62     -3.2675     -3.2883     -3.2848];
		degvertoffset = [-0.1      0.8368      0.7683     0.73605       -0.48      0.8155       0.824     0.81575];
		vertFOVoffset = [0.92      1.2197     0.40069    0.098182        0.32      1.6844      1.0887     0.68174];
		horizFOVoffset = [1.12     0.82313     0.56062     0.13737         0.9      1.8699      1.5232     0.95385];
		vertFOV = [23.3];
		horizFOV = [32.6];


%calibration: exp_iodrects_Far_mid_plane was performed on: 26-Oct-2009 15:16:22.mat

		deghorizoffset = [-0.73      1.3722      1.4029      1.3969       -0.62     -3.2875     -3.2883     -3.2848];
		degvertoffset = [-0.1      1.8168      0.7683     0.73605       -0.48      1.3755       0.824     0.81575];
		vertFOVoffset = [0.92      1.2197     0.40069    0.098182        0.32      1.6844      1.0887     0.68174];
		horizFOVoffset = [1.12     0.82313     0.56062     0.13737         0.9      1.8699      1.5232     0.95385];
		vertFOV = [23.3];
		horizFOV = [32.6];


%calibration: exp_iodrects_Far_mid_plane was performed on: 26-Oct-2009 15:18:02.mat

		deghorizoffset = [-0.73      1.3922      1.4029      1.3969       -0.62     -3.2675     -3.2883     -3.2848];
		degvertoffset = [-0.1      1.8368      0.7683     0.73605       -0.48      1.3955       0.824     0.81575];
		vertFOVoffset = [0.92      1.2197     0.40069    0.098182        0.32      1.6844      1.0887     0.68174];
		horizFOVoffset = [1.12     0.82313     0.56062     0.13737         0.9      1.8699      1.5232     0.95385];
		vertFOV = [23.3];
		horizFOV = [32.6];


%calibration: exp_iodrects_Far_mid_plane was performed on: 26-Oct-2009 15:19:40.mat

		deghorizoffset = [-0.73      1.3922      1.4029      1.3969       -0.62     -3.2675     -3.2883     -3.2848];
		degvertoffset = [-0.1      1.8368      0.7683     0.73605       -0.48      1.3955       0.824     0.81575];
