

%This observer is RTH
IPD=.062;



%calibration: exp_3L was performed on: 24-Mar-2010 11:22:27.mat

		deghorizoffset = [-0.81      1.1922      1.2205      1.2468       -0.62     -3.3075     -3.1858     -3.1175];
		degvertoffset = [-0.1      0.9168      0.8193     0.74347       -0.48      0.6555     0.59175     0.56217];
		vertFOVoffset = [0.92     -0.3003    -0.70103    -0.94671        0.32      0.4444    -0.61638    -0.95632];
		horizFOVoffset = [1.12    -0.69687    -0.98084     -1.3246         0.9      0.2099     -0.8624      -1.338];
		vertFOV = [23.3];
		horizFOV = [32.6];
		horizFOVoffseterror = [0           0   0.0057735    0.025166           0           0      0.1875    0.043589];
		deghorizoffseterror = [0           0   0.0057735   0.0057735           0           0    0.020817        0.02];
		degvertoffseterror = [0           0        0.01    0.015275           0           0        0.01    0.025166];


%calibration: exp_4L was performed on: 24-Mar-2010 11:23:56.mat

		deghorizoffset = [-0.81      1.1922      1.2205      1.2339       -0.62     -3.3075     -3.1858     -3.1175];
		degvertoffset = [-0.1      0.9168      0.8193      0.7493       -0.48      0.6555     0.59175     0.56217];
		vertFOVoffset = [0.92     -0.3003    -0.70103    -0.95982        0.32      0.4444    -0.61638    -0.95632];
		horizFOVoffset = [1.12    -0.69687    -0.98084     -1.3429         0.9      0.2099     -0.8624      -1.338];
		vertFOV = [23.3];
		horizFOV = [32.6];
		horizFOVoffseterror = [0           0   0.0057735    0.020817           0           0      0.1875    0.043589];
		deghorizoffseterror = [0           0   0.0057735   0.0057735           0           0    0.020817        0.02];
		degvertoffseterror = [0           0        0.01        0.01           0           0        0.01    0.025166];


%calibration: exp_3R was performed on: 24-Mar-2010 11:26:23.mat

		deghorizoffset = [-0.81      1.1922      1.2205      1.2339       -0.62     -3.3075     -3.2167     -3.1175];
		degvertoffset = [-0.1      0.9168      0.8193      0.7493       -0.48      0.6555     0.60175     0.56217];
		vertFOVoffset = [0.92     -0.3003    -0.70103    -0.95982        0.32      0.4444    -0.33049    -0.95632];
		horizFOVoffset = [1.12    -0.69687    -0.98084     -1.3429         0.9      0.2099     -0.4624      -1.338];
		vertFOV = [23.3];
		horizFOV = [32.6];
		horizFOVoffseterror = [0           0   0.0057735    0.020817           0           0     0.88167    0.043589];
		deghorizoffseterror = [0           0   0.0057735   0.0057735           0           0    0.011547        0.02];
		degvertoffseterror = [0           0        0.01        0.01           0           0    0.026458    0.025166];


%calibration: exp_4R was performed on: 24-Mar-2010 11:27:58.mat

		deghorizoffset = [-0.81      1.1922      1.2205      1.2339       -0.62     -3.3075     -3.2167     -3.1696];
		degvertoffset = [-0.1      0.9168      0.8193      0.7493       -0.48      0.6555     0.60175     0.56383];
		vertFOVoffset = [0.92     -0.3003    -0.70103    -0.95982        0.32      0.4444    -0.33049    -0.67281];
		horizFOVoffset = [1.12    -0.69687    -0.98084     -1.3429         0.9      0.2099     -0.4624    -0.94136];
		vertFOV = [23.3];
		horizFOV = [32.6];
		horizFOVoffseterror = [0           0   0.0057735    0.020817           0           0     0.88167    0.089629];
		deghorizoffseterror = [0           0   0.0057735   0.0057735           0           0    0.011547    0.015275];
		degvertoffseterror = [0           0        0.01        0.01           0           0    0.026458    0.011547];


%calibration: exp_3L was performed on: 06-Apr-2010 17:16:48.mat

		deghorizoffset = [-0.81      1.1922      1.2522      1.2339       -0.62     -3.3075     -3.2167     -3.1696];
		degvertoffset = [-0.1      0.9168     0.79972      0.7493       -0.48      0.6555     0.60175     0.56383];
		vertFOVoffset = [0.92     -0.3003    -0.74481    -0.95982        0.32      0.4444    -0.33049    -0.67281];
		horizFOVoffset = [1.12    -0.69687     -1.0421     -1.3429         0.9      0.2099     -0.4624    -0.94136];
		vertFOV = [23.3];
		horizFOV = [32.6];
		horizFOVoffseterror = [0           0    0.070238    0.020817           0           0     0.88167    0.089629];
		deghorizoffseterror = [0           0        0.02   0.0057735           0           0    0.011547    0.015275];
		degvertoffseterror = [0           0   0.0057735        0.01           0           0    0.026458    0.011547];


%calibration: exp_4L was performed on: 06-Apr-2010 17:18:25.mat

		deghorizoffset = [-0.81      1.1922      1.2522      1.2997       -0.62     -3.3075     -3.2167     -3.1696];
		degvertoffset = [-0.1      0.9168     0.79972     0.71513       -0.48      0.6555     0.60175     0.56383];
		vertFOVoffset = [0.92     -0.3003    -0.74481    -0.98617        0.32      0.4444    -0.33049    -0.67281];
		horizFOVoffset = [1.12    -0.69687     -1.0421     -1.3798         0.9      0.2099     -0.4624    -0.94136];
		vertFOV = [23.3];
		horizFOV = [32.6];
		horizFOVoffseterror = [0           0    0.070238    0.015275           0           0     0.88167    0.089629];
		deghorizoffseterror = [0           0        0.02        0.01           0           0    0.011547    0.015275];
		degvertoffseterror = [0           0   0.0057735    0.011547           0           0    0.026458    0.011547];


%calibration: exp_3R was performed on: 06-Apr-2010 17:20:35.mat

		deghorizoffset = [-0.81      1.1922      1.2522      1.2997       -0.62     -3.3075     -3.2421     -3.1696];
		degvertoffset = [-0.1      0.9168     0.79972     0.71513       -0.48      0.6555     0.59133     0.56383];
		vertFOVoffset = [0.92     -0.3003    -0.74481    -0.98617        0.32      0.4444    -0.17772    -0.67281];
		horizFOVoffset = [1.12    -0.69687     -1.0421     -1.3798         0.9      0.2099    -0.24865    -0.94136];
		vertFOV = [23.3];
		horizFOV = [32.6];
		horizFOVoffseterror = [0           0    0.070238    0.015275           0           0    0.026458    0.089629];
		deghorizoffseterror = [0           0        0.02        0.01           0           0    0.011547    0.015275];
		degvertoffseterror = [0           0   0.0057735    0.011547           0           0    0.020817    0.011547];


%calibration: exp_4R was performed on: 06-Apr-2010 17:22:41.mat

		deghorizoffset = [-0.81      1.1922      1.2522      1.2997       -0.62     -3.3075     -3.2421     -3.2192];
		degvertoffset = [-0.1      0.9168     0.79972     0.71513       -0.48      0.6555     0.59133     0.55342];
		vertFOVoffset = [0.92     -0.3003    -0.74481    -0.98617        0.32      0.4444    -0.17772    -0.13245];
		horizFOVoffset = [1.12    -0.69687     -1.0421     -1.3798         0.9      0.2099    -0.24865    -0.18532];
		vertFOV = [23.3];
		horizFOV = [32.6];
		horizFOVoffseterror = [0           0    0.070238    0.015275           0           0    0.026458      0.1263];
		deghorizoffseterror = [0           0        0.02        0.01           0           0    0.011547   0.0057735];
		degvertoffseterror = [0           0   0.0057735    0.011547           0           0    0.020817    0.015275];


%calibration: exp_3L was performed on: 13-Apr-2010 18:41:06.mat

		deghorizoffset = [-0.81      1.1922      1.2401      1.2997       -0.62     -3.3075     -3.2421     -3.2192];
		degvertoffset = [-0.1      0.9168     0.80347     0.71513       -0.48      0.6555     0.59133     0.55342];
		vertFOVoffset = [0.92     -0.3003    -0.71011    -0.98617        0.32      0.4444    -0.17772    -0.13245];
		horizFOVoffset = [1.12    -0.69687    -0.99355     -1.3798         0.9      0.2099    -0.24865    -0.18532];
		vertFOV = [23.3];
		horizFOV = [32.6];
		horizFOVoffseterror = [0           0    0.025166    0.015275           0           0    0.026458      0.1263];
		deghorizoffseterror = [0           0   0.0057735        0.01           0           0    0.011547   0.0057735];
