

%This observer is Selena Chu
IPD=.060;





%calibration: exp_4R was performed on: 09-Sep-2009 15:37:08.mat

		deghorizoffset = [-0.73      1.3922      1.4932      1.5977       -0.62     -3.3075     -3.0925     -2.9822];
		degvertoffset = [-0.1      0.4768      0.4438      0.4193       -0.48      0.7155     0.63475     0.55925];
		vertFOVoffset = [0.92     -1.1203    -0.99059     -1.1406        0.32     -0.1156    -0.27018    -0.52873];
		horizFOVoffset = [1.12     -1.2169      -1.386     -1.5958         0.9      0.7499    -0.37802    -0.73977];
		vertFOV = [23.3];
		horizFOV = [32.6];
		horizFOVoffseterror = [0           0    0.037885    0.042079           0           0    0.046351    0.053161];
		deghorizoffseterror = [0           0    0.011402   0.0083666           0           0      0.1241    0.016733];
		degvertoffseterror = [0           0    0.013038    0.035355           0           0    0.013038    0.015811];




%calibration: exp_3L was performed on: 21-Oct-2009 14:29:48.mat

		deghorizoffset = [-0.73      1.3922      1.3229      1.5977       -0.62     -3.3075     -3.0925     -2.9822];
		degvertoffset = [-0.1      0.4768      0.5238      0.4193       -0.48      0.7155     0.63475     0.55925];
		vertFOVoffset = [0.92     -1.1203    -0.99568     -1.1406        0.32     -0.1156    -0.27018    -0.52873];
		horizFOVoffset = [1.12     -1.2169     -1.3931     -1.5958         0.9      0.7499    -0.37802    -0.73977];
		vertFOV = [23.3];
		horizFOV = [32.6];
		horizFOVoffseterror = [0           0    0.059002    0.042079           0           0    0.046351    0.053161];
		deghorizoffseterror = [0           0    0.014832   0.0083666           0           0      0.1241    0.016733];
		degvertoffseterror = [0           0   0.0083666    0.035355           0           0    0.013038    0.015811];


%calibration: exp_4L was performed on: 21-Oct-2009 14:33:40.mat

		deghorizoffset = [-0.73      1.3922      1.3229      1.2925       -0.62     -3.3075     -3.0925     -2.9822];
		degvertoffset = [-0.1      0.4768      0.5238     0.52805       -0.48      0.7155     0.63475     0.55925];
		vertFOVoffset = [0.92     -1.1203    -0.99568     -1.1272        0.32     -0.1156    -0.27018    -0.52873];
		horizFOVoffset = [1.12     -1.2169     -1.3931     -1.5771         0.9      0.7499    -0.37802    -0.73977];
		vertFOV = [23.3];
		horizFOV = [32.6];
		horizFOVoffseterror = [0           0    0.059002    0.034487           0           0    0.046351    0.053161];
		deghorizoffseterror = [0           0    0.014832    0.013416           0           0      0.1241    0.016733];
		degvertoffseterror = [0           0   0.0083666        0.01           0           0    0.013038    0.015811];


%calibration: exp_3R was performed on: 21-Oct-2009 14:36:32.mat

		deghorizoffset = [-0.73      1.3922      1.3229      1.2925       -0.62     -3.3075     -3.2775     -2.9822];
		degvertoffset = [-0.1      0.4768      0.5238     0.52805       -0.48      0.7155      0.7665     0.55925];
		vertFOVoffset = [0.92     -1.1203    -0.99568     -1.1272        0.32     -0.1156     0.31544    -0.52873];
		horizFOVoffset = [1.12     -1.2169     -1.3931     -1.5771         0.9      0.7499     0.44135    -0.73977];
		vertFOV = [23.3];
		horizFOV = [32.6];
		horizFOVoffseterror = [0           0    0.059002    0.034487           0           0     0.74752    0.053161];
		deghorizoffseterror = [0           0    0.014832    0.013416           0           0    0.068191    0.016733];
		degvertoffseterror = [0           0   0.0083666        0.01           0           0   0.0054772    0.015811];


%calibration: exp_4R was performed on: 21-Oct-2009 14:38:31.mat

		deghorizoffset = [-0.73      1.3922      1.3229      1.2925       -0.62     -3.3075     -3.2775     -3.2302];
		degvertoffset = [-0.1      0.4768      0.5238     0.52805       -0.48      0.7155      0.7665     0.74325];
		vertFOVoffset = [0.92     -1.1203    -0.99568     -1.1272        0.32     -0.1156     0.31544     0.15061];
		horizFOVoffset = [1.12     -1.2169     -1.3931     -1.5771         0.9      0.7499     0.44135     0.21073];
		vertFOV = [23.3];
		horizFOV = [32.6];
		horizFOVoffseterror = [0           0    0.059002    0.034487           0           0     0.74752    0.079219];
		deghorizoffseterror = [0           0    0.014832    0.013416           0           0    0.068191    0.033615];
		degvertoffseterror = [0           0   0.0083666        0.01           0           0   0.0054772    0.011402];
