

%This observer is JSK
IPD=.061;


%calibration: exp_4R was performed on: 11-Sep-2009 14:45:47.mat

		deghorizoffset = [-0.73      1.3922      1.5805       1.716       -0.62     -3.2675     -3.3275      -3.879];
		degvertoffset = [-0.1      0.8368     0.72855     0.65355       -0.48      0.8155     0.67475      0.6435];
		vertFOVoffset = [0.92      1.2197      0.5758     0.39953        0.32      1.6844      1.1232      0.9989];
		horizFOVoffset = [1.12     0.82313     0.80562       0.559         0.9      1.8699      1.5715      1.3976];
		vertFOV = [23.3];
		horizFOV = [32.6];
		horizFOVoffseterror = [0           0    0.015662    0.039957           0           0     0.11284      3.5788];
		deghorizoffseterror = [0           0   0.0083666        0.01           0           0    0.023452   0.0079254];
		degvertoffseterror = [0           0   0.0083666   0.0083666           0           0    0.013038    0.013038];


%calibration: exp_3L was performed on: 16-Oct-2009 14:22:43.mat

		deghorizoffset = [-0.73      1.3922      1.3412       1.716       -0.62     -3.2675     -3.3275      -3.879];
		degvertoffset = [-0.1      0.8368     0.67505     0.65355       -0.48      0.8155     0.67475      0.6435];
		vertFOVoffset = [0.92      1.2197     0.40524     0.39953        0.32      1.6844      1.1232      0.9989];
		horizFOVoffset = [1.12     0.82313     0.56699       0.559         0.9      1.8699      1.5715      1.3976];
		vertFOV = [23.3];
		horizFOV = [32.6];
		horizFOVoffseterror = [0           0    0.011919    0.039957           0           0     0.11284      3.5788];
		deghorizoffseterror = [0           0    0.011402        0.01           0           0    0.023452   0.0079254];
		degvertoffseterror = [0           0    0.013038   0.0083666           0           0    0.013038    0.013038];
